1 G10060 1006 HR 300 170 86
2 G10060 1006 CD 330 280 95
3 G10100 1010 HR 320 180 85
4 G10100 1010 CD 370 300 105
5 G10150 1015 HR 340 190 101
6 G10150 1015 CD 390 320 111
7 G10180 1018 HR 400 220 116
8 G10180 1018 CD 440 370 126
9 G10200 1020 HR 380 210 111
10 G10200 1020 CD 470 390 131
11 G10300 1030 HR 470 260 137
12 G10300 1030 CD 520 440 149
13 G10350 1035 HR 500 270 143
14 G10350 1035 CD 550 460 163
15 G10400 1040 HR 520 290 149
16 G10400 1040 CD 590 490 170
17 G10450 1045 HR 570 310 163
18 G10450 1045 CD 630 530 179
19 G10500 1050 HR 620 340 179
20 G10500 1050 CD 690 580 197
21 G10600 1060 HR 680 370 201
22 G10800 1080 HR 770 420 229
23 G10950 1095 HR 830 460 248

